
Round: 0
00000000
00000000
00000000
00000000
00000000
00000000
00000000
00000000

Valid moves for 1:
3, 3
3, 4
4, 3
4, 4

Player 1: 3, 3

After move by Player 1
00000000
00000000
00000000
00000000
00010000
00000000
00000000
00000000


Round: 1
00000000
00000000
00000000
00000000
00010000
00000000
00000000
00000000

Valid moves for 2:
3, 4
4, 3
4, 4

Player 2: 4, 4

After move by Player 2
00000000
00000000
00000000
00002000
00010000
00000000
00000000
00000000


Round: 2
00000000
00000000
00000000
00002000
00010000
00000000
00000000
00000000

Valid moves for 1:
3, 4
4, 3

Player 1: 3, 4

After move by Player 1
00000000
00000000
00000000
00002000
00011000
00000000
00000000
00000000


Round: 3
00000000
00000000
00000000
00002000
00011000
00000000
00000000
00000000

Valid moves for 2:
4, 3

Player 2: 4, 3

After move by Player 2
00000000
00000000
00000000
00022000
00011000
00000000
00000000
00000000


Round: 4
00000000
00000000
00000000
00022000
00011000
00000000
00000000
00000000

Valid moves for 1:
5, 2
5, 3
5, 4
5, 5

Player 1: 5, 2

After move by Player 1
00000000
00000000
00100000
00012000
00011000
00000000
00000000
00000000


Round: 5
00000000
00000000
00100000
00012000
00011000
00000000
00000000
00000000

Valid moves for 2:
2, 2
2, 4
4, 2

Player 2: 4, 2

After move by Player 2
00000000
00000000
00100000
00222000
00011000
00000000
00000000
00000000


Round: 6
00000000
00000000
00100000
00222000
00011000
00000000
00000000
00000000

Valid moves for 1:
3, 2
5, 1
5, 3
5, 4
5, 5

Player 1: 5, 4

After move by Player 1
00000000
00000000
00101000
00221000
00011000
00000000
00000000
00000000


Round: 7
00000000
00000000
00101000
00221000
00011000
00000000
00000000
00000000

Valid moves for 2:
2, 3
2, 4
2, 5
4, 5
6, 1
6, 2
6, 5

Player 2: 4, 5

After move by Player 2
00000000
00000000
00101000
00222200
00011000
00000000
00000000
00000000


Round: 8
00000000
00000000
00101000
00222200
00011000
00000000
00000000
00000000

Valid moves for 1:
3, 2
3, 6
5, 1
5, 3
5, 5
5, 6

Player 1: 3, 2

After move by Player 1
00000000
00000000
00101000
00112200
00111000
00000000
00000000
00000000


Round: 9
00000000
00000000
00101000
00112200
00111000
00000000
00000000
00000000

Valid moves for 2:
2, 2
2, 3
2, 4
4, 1
6, 3
6, 4

Player 2: 6, 3

After move by Player 2
00000000
00020000
00102000
00112200
00111000
00000000
00000000
00000000


Round: 10
00000000
00020000
00102000
00112200
00111000
00000000
00000000
00000000

Valid moves for 1:
4, 6
5, 5
5, 6
6, 4
6, 5
7, 4

Player 1: 4, 6

After move by Player 1
00000000
00020000
00102000
00111110
00111000
00000000
00000000
00000000


Round: 11
00000000
00020000
00102000
00111110
00111000
00000000
00000000
00000000

Valid moves for 2:
2, 1
2, 4
3, 6
4, 1

Player 2: 4, 1

After move by Player 2
00000000
00020000
00202000
02111110
00111000
00000000
00000000
00000000


Round: 12
00000000
00020000
00202000
02111110
00111000
00000000
00000000
00000000

Valid moves for 1:
4, 0
5, 0
6, 1
6, 2
6, 4
6, 5
7, 2

Player 1: 7, 2

After move by Player 1
00100000
00010000
00201000
02111110
00111000
00000000
00000000
00000000


Round: 13
00100000
00010000
00201000
02111110
00111000
00000000
00000000
00000000

Valid moves for 2:
2, 2
2, 3
2, 5
4, 7
7, 4

Player 2: 7, 4

After move by Player 2
00102000
00020000
00201000
02111110
00111000
00000000
00000000
00000000


Round: 14
00102000
00020000
00201000
02111110
00111000
00000000
00000000
00000000

Valid moves for 1:
4, 0
5, 0
6, 1
6, 2

Player 1: 4, 0

After move by Player 1
00102000
00020000
00201000
11111110
00111000
00000000
00000000
00000000


Round: 15
00102000
00020000
00201000
11111110
00111000
00000000
00000000
00000000

Valid moves for 2:
2, 2
2, 5
3, 0
3, 6

Player 2: 3, 0

After move by Player 2
00102000
00020000
00201000
12111110
20111000
00000000
00000000
00000000


Round: 16
00102000
00020000
00201000
12111110
20111000
00000000
00000000
00000000

Valid moves for 1:
2, 0
5, 0
6, 1
6, 2

Player 1: 6, 1

After move by Player 1
00102000
01020000
00101000
12111110
20111000
00000000
00000000
00000000


Round: 17
00102000
01020000
00101000
12111110
20111000
00000000
00000000
00000000

Valid moves for 2:
2, 3
3, 6
4, 7
5, 0

Player 2: 5, 0

After move by Player 2
00102000
01020000
20101000
22111110
20111000
00000000
00000000
00000000


Round: 18
00102000
01020000
20101000
22111110
20111000
00000000
00000000
00000000

Valid moves for 1:

Player 1 can't move

Round: 18
00102000
01020000
20101000
22111110
20111000
00000000
00000000
00000000

Valid moves for 2:
2, 3
3, 6
4, 7

Player 2: 4, 7

After move by Player 2
00102000
01020000
20101000
22222222
20111000
00000000
00000000
00000000


Round: 19
00102000
01020000
20101000
22222222
20111000
00000000
00000000
00000000

Valid moves for 1:
3, 6
5, 1
5, 3
5, 5
5, 6

Player 1: 5, 1

After move by Player 1
00102000
01020000
21101000
22122222
20111000
00000000
00000000
00000000


Round: 20
00102000
01020000
21101000
22122222
20111000
00000000
00000000
00000000

Valid moves for 2:
2, 1
2, 2
2, 3
2, 4
2, 5
5, 3
6, 2
6, 4
6, 5
7, 0
7, 1

Player 2: 7, 0

After move by Player 2
20102000
02020000
21201000
22122222
20111000
00000000
00000000
00000000


Round: 21
20102000
02020000
21201000
22122222
20111000
00000000
00000000
00000000

Valid moves for 1:
3, 1
3, 6
5, 3
5, 5
5, 6
6, 2
7, 1

Player 1: 6, 2

After move by Player 1
20102000
02120000
21101000
22122222
20111000
00000000
00000000
00000000


Round: 22
20102000
02120000
21101000
22122222
20111000
00000000
00000000
00000000

Valid moves for 2:
2, 1
2, 2
2, 3
2, 4
2, 5
5, 3
6, 4
6, 5
7, 3

Player 2: 2, 2

After move by Player 2
20102000
02120000
21101000
22122222
20121000
00200000
00000000
00000000


Round: 23
20102000
02120000
21101000
22122222
20121000
00200000
00000000
00000000

Valid moves for 1:
1, 2
2, 4
3, 1
3, 6
5, 6
6, 0
6, 4
7, 1

Player 1: 5, 6

After move by Player 1
20102000
02120000
21101010
22122122
20121000
00200000
00000000
00000000


Round: 24
20102000
02120000
21101010
22122122
20121000
00200000
00000000
00000000

Valid moves for 2:
2, 1
2, 3
2, 4
2, 5
3, 1
3, 5
3, 6
5, 3
6, 0
6, 4
6, 5
6, 6
7, 3

Player 2: 5, 3

After move by Player 2
20102000
02120000
22221010
22122122
20121000
00200000
00000000
00000000


Round: 25
20102000
02120000
22221010
22122122
20121000
00200000
00000000
00000000

Valid moves for 1:
1, 2
2, 4
3, 5
3, 6
6, 0
6, 4

Player 1: 6, 0

After move by Player 1
20102000
11120000
21221010
22122122
20121000
00200000
00000000
00000000


Round: 26
20102000
11120000
21221010
22122122
20121000
00200000
00000000
00000000

Valid moves for 2:
2, 1
2, 3
2, 4
2, 5
3, 1
3, 5
3, 6
5, 5
6, 4
6, 5
6, 6
7, 1
7, 3

Player 2: 5, 5

After move by Player 2
20102000
11120000
21222210
22122122
20121000
00200000
00000000
00000000


Round: 27
20102000
11120000
21222210
22122122
20121000
00200000
00000000
00000000

Valid moves for 1:
1, 2
2, 0
2, 4
3, 1
3, 5
3, 6
6, 4
6, 5

Player 1: 6, 4

After move by Player 1
20102000
11111000
21211210
22121122
20121000
00200000
00000000
00000000


Round: 28
20102000
11111000
21211210
22121122
20121000
00200000
00000000
00000000

Valid moves for 2:
2, 1
2, 3
2, 4
2, 5
3, 1
3, 5
5, 7
6, 5
6, 6
7, 1
7, 3

Player 2: 7, 3

After move by Player 2
20122000
11222000
22221210
22121122
20121000
00200000
00000000
00000000


Round: 29
20122000
11222000
22221210
22121122
20121000
00200000
00000000
00000000

Valid moves for 1:
1, 1
1, 2
2, 0
2, 4
3, 1
3, 6
6, 5
6, 6
7, 1
7, 5

Player 1: 6, 5

After move by Player 1
20122000
11111100
22221110
22121122
20121000
00200000
00000000
00000000


Round: 30
20122000
11111100
22221110
22121122
20121000
00200000
00000000
00000000

Valid moves for 2:
2, 1
2, 3
2, 4
2, 5
3, 1
3, 5
5, 7
6, 6
7, 1
7, 5
7, 6

Player 2: 7, 5

After move by Player 2
20122200
11112100
22221110
22121122
20121000
00200000
00000000
00000000


Round: 31
20122200
11112100
22221110
22121122
20121000
00200000
00000000
00000000

Valid moves for 1:
1, 1
1, 2
2, 0
2, 3
2, 4
3, 1
3, 6
3, 7
7, 6

Player 1: 3, 1

After move by Player 1
20122200
11112100
21221110
21121122
21121000
00200000
00000000
00000000


Round: 32
20122200
11112100
21221110
21121122
21121000
00200000
00000000
00000000

Valid moves for 2:
2, 0
2, 1
2, 3
2, 4
2, 5
3, 5
5, 7
6, 6
7, 1
7, 6

Player 2: 7, 1

After move by Player 2
22222200
11212100
21221110
21121122
21121000
00200000
00000000
00000000


Round: 33
22222200
11212100
21221110
21121122
21121000
00200000
00000000
00000000

Valid moves for 1:
1, 1
1, 2
1, 3
2, 0
2, 3
2, 4
3, 6
3, 7

Player 1: 2, 3

After move by Player 1
22222200
11212100
21211110
21111122
21111000
00210000
00000000
00000000


Round: 34
22222200
11212100
21211110
21111122
21111000
00210000
00000000
00000000

Valid moves for 2:
1, 3
1, 4
2, 0
2, 1
2, 4
2, 5
3, 5
3, 6
5, 7
6, 6

Player 2: 6, 6

After move by Player 2
22222200
11212220
21211220
21112122
21121000
00210000
00000000
00000000


Round: 35
22222200
11212220
21211220
21112122
21121000
00210000
00000000
00000000

Valid moves for 1:
1, 2
1, 3
2, 0
2, 1
2, 4
3, 5
5, 7
6, 7
7, 6

Player 1: 5, 7

After move by Player 1
22222200
11212220
21211111
21112122
21121000
00210000
00000000
00000000


Round: 36
22222200
11212220
21211111
21112122
21121000
00210000
00000000
00000000

Valid moves for 2:
1, 3
1, 4
2, 0
2, 1
2, 4
2, 5
3, 5
3, 6
6, 7

Player 2: 2, 0

After move by Player 2
22222200
11212220
21221111
21212122
22121000
20210000
00000000
00000000


Round: 37
22222200
11212220
21221111
21212122
22121000
20210000
00000000
00000000

Valid moves for 1:
1, 0
1, 1
1, 2
2, 1
2, 4
3, 5
3, 6
3, 7
6, 7
7, 6
7, 7

Player 1: 2, 1

After move by Player 1
22222200
11212220
21221111
21212122
21121000
21110000
00000000
00000000


Round: 38
22222200
11212220
21221111
21212122
21121000
21110000
00000000
00000000

Valid moves for 2:
1, 0
1, 1
1, 2
1, 3
1, 4
2, 4
2, 5
3, 5
3, 6
6, 7

Player 2: 6, 7

After move by Player 2
22222200
11212222
21221112
21212122
21121000
21110000
00000000
00000000


Round: 39
22222200
11212222
21221112
21212122
21121000
21110000
00000000
00000000

Valid moves for 1:
1, 0
2, 4
3, 6
3, 7
7, 6
7, 7

Player 1: 7, 7

After move by Player 1
22222201
11212212
21221112
21212122
21121000
21110000
00000000
00000000


Round: 40
22222201
11212212
21221112
21212122
21121000
21110000
00000000
00000000

Valid moves for 2:
1, 0
1, 1
1, 2
1, 3
1, 4
2, 4
2, 5
3, 5
3, 6
7, 6

Player 2: 7, 6

After move by Player 2
22222221
11212222
21221122
21212122
21121000
21110000
00000000
00000000


Round: 41
22222221
11212222
21221122
21212122
21121000
21110000
00000000
00000000

Valid moves for 1:
1, 0
2, 4
3, 7

Player 1: 3, 7

After move by Player 1
22222221
11212221
21221121
21212111
21121001
21110000
00000000
00000000


Round: 42
22222221
11212221
21221121
21212111
21121001
21110000
00000000
00000000

Valid moves for 2:
1, 0
1, 1
1, 2
1, 3
1, 4
2, 4
2, 5
3, 5
3, 6

Player 2: 3, 6

After move by Player 2
22222221
11222221
21222121
21212221
21121021
21110000
00000000
00000000


Round: 43
22222221
11222221
21222121
21212221
21121021
21110000
00000000
00000000

Valid moves for 1:
1, 0
2, 4
2, 5
3, 5

Player 1: 3, 5

After move by Player 1
22222221
11222221
21222121
21212111
21121111
21110000
00000000
00000000


Round: 44
22222221
11222221
21222121
21212111
21121111
21110000
00000000
00000000

Valid moves for 2:
1, 0
1, 1
1, 2
1, 3
1, 4
2, 4
2, 5
2, 6
2, 7

Player 2: 2, 4

After move by Player 2
22222221
11222221
21222121
21212111
21122111
22222000
00000000
00000000


Round: 45
22222221
11222221
21222121
21212111
21122111
22222000
00000000
00000000

Valid moves for 1:
1, 0
1, 1
1, 2
1, 3
1, 4
1, 5
2, 5

Player 1: 1, 4

After move by Player 1
22222221
11222221
21222121
21212111
21122111
22212000
00001000
00000000


Round: 46
22222221
11222221
21222121
21212111
21122111
22212000
00001000
00000000

Valid moves for 2:
0, 4
0, 5
1, 2
1, 3
2, 5
2, 6
2, 7

Player 2: 2, 6

After move by Player 2
22222221
11222221
21222121
21212121
21122221
22212020
00001000
00000000


Round: 47
22222221
11222221
21222121
21212121
21122221
22212020
00001000
00000000

Valid moves for 1:
1, 0
1, 1
1, 2
1, 3
1, 5
2, 5
2, 7

Player 1: 1, 3

After move by Player 1
22222221
11222221
21222121
21212111
21122121
22111020
00011000
00000000


Round: 48
22222221
11222221
21222121
21212111
21122121
22111020
00011000
00000000

Valid moves for 2:
0, 3
0, 4
0, 5
1, 1
1, 2
1, 5
2, 5

Player 2: 1, 1

After move by Player 2
22222221
11222221
21222121
21212111
21122121
22211020
02011000
00000000


Round: 49
22222221
11222221
21222121
21212111
21122121
22211020
02011000
00000000

Valid moves for 1:
0, 0
0, 1
1, 0
1, 2
1, 5
1, 6
1, 7
2, 5
2, 7

Player 1: 1, 0

After move by Player 1
22222221
11222221
11222121
11212111
11122121
11211020
12011000
00000000


Round: 50
22222221
11222221
11222121
11212111
11122121
11211020
12011000
00000000

Valid moves for 2:
0, 0
0, 3
0, 4
1, 2
1, 5
2, 5

Player 2: 1, 2

After move by Player 2
22222221
11222221
11222121
11212111
11122121
11221020
12211000
00000000


Round: 51
22222221
11222221
11222121
11212111
11122121
11221020
12211000
00000000

Valid moves for 1:
0, 0
0, 1
0, 2
0, 3
1, 5
1, 6
1, 7
2, 5
2, 7

Player 1: 0, 2

After move by Player 1
22222221
11222221
11222121
11212111
11122121
11121020
11111000
00100000


Round: 52
22222221
11222221
11222121
11212111
11122121
11121020
11111000
00100000

Valid moves for 2:
0, 0
0, 1
0, 3
0, 4
0, 5
1, 5
2, 5

Player 2: 1, 5

After move by Player 2
22222221
11222221
11222121
11212111
11122121
11122020
11111200
00100000


Round: 53
22222221
11222221
11222121
11212111
11122121
11122020
11111200
00100000

Valid moves for 1:
0, 4
0, 6
1, 6
1, 7
2, 5
2, 7

Player 1: 2, 5

After move by Player 1
22222221
11222221
11222121
11212111
11121111
11111120
11111200
00100000


Round: 54
22222221
11222221
11222121
11212111
11121111
11111120
11111200
00100000

Valid moves for 2:
0, 0
0, 1
0, 3
0, 4
1, 6
2, 7

Player 2: 2, 7

After move by Player 2
22222221
11222221
11222121
11212211
11121121
11111122
11111200
00100000


Round: 55
22222221
11222221
11222121
11212211
11121121
11111122
11111200
00100000

Valid moves for 1:
0, 4
0, 5
0, 6
1, 6
1, 7

Player 1: 1, 7

After move by Player 1
22222221
11222221
11222121
11212211
11121121
11111111
11111201
00100000


Round: 56
22222221
11222221
11222121
11212211
11121121
11111111
11111201
00100000

Valid moves for 2:
0, 0
0, 1
0, 3
0, 4
1, 6

Player 2: 1, 6

After move by Player 2
22222221
11222221
11222121
11222211
11122121
11111221
11111221
00100000


Round: 57
22222221
11222221
11222121
11222211
11122121
11111221
11111221
00100000

Valid moves for 1:
0, 4
0, 5
0, 6
0, 7

Player 1: 0, 7

After move by Player 1
22222221
11222221
11122121
11212211
11121121
11111121
11111211
00100001


Round: 58
22222221
11222221
11122121
11212211
11121121
11111121
11111211
00100001

Valid moves for 2:
0, 0
0, 1
0, 3
0, 4
0, 6

Player 2: 0, 6

After move by Player 2
22222221
11222221
11122121
11212211
11121121
11111121
11111221
00100021


Round: 59
22222221
11222221
11122121
11212211
11121121
11111121
11111221
00100021

Valid moves for 1:
0, 4
0, 5

Player 1: 0, 4

After move by Player 1
22222221
11222221
11122121
11212211
11121121
11111111
11111121
00101021


Round: 60
22222221
11222221
11122121
11212211
11121121
11111111
11111121
00101021

Valid moves for 2:
0, 0
0, 1
0, 3
0, 5

Player 2: 0, 1

After move by Player 2
22222221
12222221
12122121
12212211
12122121
12121111
12211121
02101021


Round: 61
22222221
12222221
12122121
12212211
12122121
12121111
12211121
02101021

Valid moves for 1:
0, 0
0, 3
0, 5

Player 1: 0, 0

After move by Player 1
22222221
12222221
12122121
12212211
12122121
12121111
11211121
11101021


Round: 62
22222221
12222221
12122121
12212211
12122121
12121111
11211121
11101021

Valid moves for 2:
0, 3
0, 5

Player 2: 0, 3

After move by Player 2
22222221
12222221
12122121
12212211
12122121
12121211
11222121
11121021


Round: 63
22222221
12222221
12122121
12212211
12122121
12121211
11222121
11121021

Valid moves for 1:
0, 5

Player 1: 0, 5

After move by Player 1
22222221
12222221
12122121
12212211
12122121
12111211
11221111
11121111


Round: 64
22222221
12222221
12122121
12212211
12122121
12111211
11221111
11121111

Valid moves for 2:

Player 2 can't move

Round: 64
22222221
12222221
12122121
12212211
12122121
12111211
11221111
11121111

Valid moves for 1:

Player 1 can't move

Black: 34
White: 30

